# relative_time, cycles_done, cur_item, corpus_count, pending_total, pending_favs, map_size, saved_crashes, saved_hangs, max_depth, execs_per_sec, total_execs, edges_found
60, 0, 52, 76, 51, 39, 2.78%, 0, 0, 3, 976.03, 58125, 1263
66, 0, 54, 80, 39, 27, 2.83%, 0, 0, 4, 977.72, 63229, 1283
71, 0, 50, 86, 29, 12, 2.86%, 0, 0, 4, 978.97, 68133, 1300
76, 0, 50, 87, 15, 0, 2.87%, 0, 0, 4, 979.54, 73192, 1301
81, 0, 27, 87, 14, 0, 2.87%, 0, 0, 4, 981.59, 78255, 1301
86, 1, 63, 88, 13, 0, 2.87%, 0, 0, 4, 982.59, 83322, 1304
91, 1, 24, 88, 13, 0, 2.87%, 0, 0, 4, 978.31, 88330, 1304
96, 1, 25, 89, 13, 0, 2.87%, 0, 0, 4, 981.62, 93375, 1304
102, 1, 26, 89, 11, 0, 2.87%, 0, 0, 4, 967.69, 98368, 1304
107, 1, 67, 91, 10, 0, 2.88%, 0, 0, 4, 976.34, 103415, 1306
112, 2, 11, 91, 9, 0, 2.88%, 0, 0, 4, 975.23, 108398, 1306
117, 2, 35, 91, 8, 0, 2.88%, 0, 0, 4, 974.49, 113443, 1306
122, 2, 23, 91, 7, 0, 2.88%, 0, 0, 4, 963.91, 118402, 1306
127, 2, 87, 91, 6, 0, 2.88%, 1, 0, 4, 965.21, 123375, 1306
133, 2, 29, 93, 6, 0, 2.88%, 1, 0, 4, 959.79, 128373, 1307
138, 2, 7, 93, 6, 0, 2.88%, 1, 0, 4, 958.09, 133352, 1307
141, 3, 86, 93, 5, 0, 2.88%, 1, 0, 4, 964.90, 136911, 1307
