# relative_time, cycles_done, cur_item, corpus_count, pending_total, pending_favs, map_size, saved_crashes, saved_hangs, max_depth, execs_per_sec, total_execs, edges_found
60, 0, 71, 77, 42, 23, 2.76%, 0, 0, 3, 966.03, 61494, 1253
66, 0, 12, 79, 27, 6, 2.76%, 0, 0, 3, 973.19, 66543, 1253
71, 0, 38, 80, 21, 0, 2.76%, 0, 0, 3, 982.32, 71612, 1254
76, 1, 62, 80, 19, 0, 2.76%, 0, 0, 3, 975.37, 76604, 1254
81, 1, 25, 80, 18, 0, 2.76%, 0, 0, 3, 974.40, 81619, 1254
86, 1, 80, 83, 20, 1, 2.82%, 0, 0, 5, 982.86, 86644, 1280
91, 1, 80, 86, 21, 0, 2.82%, 0, 0, 5, 977.62, 91703, 1282
96, 1, 80, 89, 24, 0, 2.82%, 0, 0, 5, 894.90, 96413, 1283
101, 1, 80, 89, 24, 0, 2.82%, 0, 0, 5, 673.10, 99129, 1283
107, 1, 83, 89, 24, 4, 2.82%, 0, 0, 5, 741.76, 103082, 1283
112, 1, 84, 90, 20, 0, 2.83%, 0, 0, 6, 765.68, 107041, 1284
112, 1, 84, 90, 20, 0, 2.83%, 0, 0, 6, 760.64, 107308, 1284
